%YAML:1.0
---
K1: !!opencv-matrix
   rows: 3
   cols: 3
   dt: d
   data: [ 6.1639576284148598e+02, 0., 5.7714131391766000e+02, 0.,
       6.1497367040478218e+02, 4.6982223796487381e+02, 0., 0., 1. ]
K2: !!opencv-matrix
   rows: 3
   cols: 3
   dt: d
   data: [ 1.2184970264043848e+03, 0., 5.2964132684215224e+02, 0.,
       1.2163715650073048e+03, 4.6020280427044474e+02, 0., 0., 1. ]
D1: !!opencv-matrix
   rows: 1
   cols: 5
   dt: d
   data: [ -1.6371419557835060e-01, 2.2785769261776578e-01,
       -2.5509138033653965e-03, -7.6950223751738383e-03,
       -2.0810005287614924e-01 ]
D2: !!opencv-matrix
   rows: 1
   cols: 5
   dt: d
   data: [ -1.3448790256393084e-01, 1.8242790297669642e-01,
       -2.5936992670579457e-03, -1.0566832641485448e-02,
       4.7199476915187256e-02 ]
R: !!opencv-matrix
   rows: 3
   cols: 3
   dt: d
   data: [ 9.9958248525812510e-01, 6.2638553735615216e-03,
       2.8206724039654130e-02, -6.3047646972032518e-03,
       9.9997919772824784e-01, 1.3616361050755484e-03,
       -2.8197608184081804e-02, -1.5389043598775624e-03,
       9.9960118380585572e-01 ]
T: [ -4.4323585746744515e-01, 3.2950591608057514e-03,
    3.0584598179887002e-02 ]
E: !!opencv-matrix
   rows: 3
   cols: 3
   dt: d
   data: [ 9.9915907722928420e-05, -3.0589032731672853e-02,
       3.2520999447107966e-03, 1.8073637617270030e-02,
       -4.9052009385341607e-04, 4.4392177915038550e-01,
       -4.9918563833540501e-04, -4.4324727692871840e-01,
       -6.9646877103497512e-04 ]
F: !!opencv-matrix
   rows: 3
   cols: 3
   dt: d
   data: [ 8.0538757911258133e-10, -2.4713778841912948e-07,
       1.3180423759686410e-04, 1.4593991000584335e-07,
       -3.9699810065412830e-09, 2.1271402609849771e-03,
       -7.2491465394432852e-05, -4.2308688568744148e-03,
       9.9999999999999989e-01 ]
R1: !!opencv-matrix
   rows: 3
   cols: 3
   dt: d
   data: [ 9.9917162137154314e-01, -1.0613467807867132e-03,
       -4.0681010173944571e-02, 1.0932855285452061e-03,
       9.9999911138302089e-01, 7.6286297685135903e-04,
       4.0680164361943549e-02, -8.0670699717467055e-04,
       9.9917189384575167e-01 ]
R2: !!opencv-matrix
   rows: 3
   cols: 3
   dt: d
   data: [ 9.9760032633959073e-01, -7.4162593994767457e-03,
       -6.8837402505192213e-02, 7.3781967385811199e-03,
       9.9997245496352216e-01, -8.0717229460592992e-04,
       6.8841492575546046e-02, 2.9733944585494496e-04,
       9.9762756602312519e-01 ]
P1: !!opencv-matrix
   rows: 3
   cols: 4
   dt: d
   data: [ 9.1567261770604341e+02, 0., 6.1762467902898788e+02, 0., 0.,
       9.1567261770604341e+02, 4.6733114879950881e+02, 0., 0., 0., 1.,
       0. ]
P2: !!opencv-matrix
   rows: 3
   cols: 4
   dt: d
   data: [ 9.1567261770604341e+02, 0., 6.1762467902898788e+02,
       -4.0683520960501454e+02, 0., 9.1567261770604341e+02,
       4.6733114879950881e+02, 0., 0., 0., 1., 0. ]
Q: !!opencv-matrix
   rows: 4
   cols: 4
   dt: d
   data: [ 1., 0., 0., -6.1762467902898788e+02, 0., 1., 0.,
       -4.6733114879950881e+02, 0., 0., 0., 9.1567261770604341e+02, 0.,
       0., 2.2507211669192682e+00, 0. ]
