%YAML:1.0
---
K: !!opencv-matrix
   rows: 3
   cols: 3
   dt: d
   data: [ 1.2184970264043848e+03, 0., 5.2964132684215224e+02, 0.,
       1.2163715650073048e+03, 4.6020280427044474e+02, 0., 0., 1. ]
D: !!opencv-matrix
   rows: 1
   cols: 5
   dt: d
   data: [ -1.3448790256393084e-01, 1.8242790297669642e-01,
       -2.5936992670579457e-03, -1.0566832641485448e-02,
       4.7199476915187256e-02 ]
board_width: 17
board_height: 12
square_size: 1.0000000149011612e-01
