%YAML:1.0
---
K1: !!opencv-matrix
   rows: 3
   cols: 3
   dt: d
   data: [ 6.1588059884958955e+02, 0., 5.7539856086768782e+02, 0.,
       6.1439833482390372e+02, 4.7026754147026816e+02, 0., 0., 1. ]
K2: !!opencv-matrix
   rows: 3
   cols: 3
   dt: d
   data: [ 6.1639576284148598e+02, 0., 5.7714131391766000e+02, 0.,
       6.1497367040478218e+02, 4.6982223796487381e+02, 0., 0., 1. ]
D1: !!opencv-matrix
   rows: 1
   cols: 5
   dt: d
   data: [ -1.5047309529890338e-01, 1.0969223332834348e-01,
       -4.0041881305741597e-03, -6.1493897732800102e-03,
       -5.4169858283629808e-02 ]
D2: !!opencv-matrix
   rows: 1
   cols: 5
   dt: d
   data: [ -1.6371419557835060e-01, 2.2785769261776578e-01,
       -2.5509138033653965e-03, -7.6950223751738383e-03,
       -2.0810005287614924e-01 ]
R: !!opencv-matrix
   rows: 3
   cols: 3
   dt: d
   data: [ 9.9938790317867343e-01, 8.3825302941721206e-05,
       -3.4983023789448904e-02, -2.3116692311775266e-04,
       9.9999112053522576e-01, -4.2077800034378016e-03,
       3.4982360440487963e-02, 4.2132913526436166e-03,
       9.9937904852662862e-01 ]
T: [ -4.6120395891516858e-01, 4.1575739498484653e-04,
    1.7529239806987694e-02 ]
E: !!opencv-matrix
   rows: 3
   cols: 3
   dt: d
   data: [ 1.8596355477932798e-05, -1.7527332449683221e-02,
       4.8925841455317435e-04, 3.3652513342371994e-02,
       1.9446560457394406e-03, 4.6030434782417667e-01,
       -3.0888781109278732e-04, -4.6119989852185123e-01,
       1.9551892466689899e-03 ]
F: !!opencv-matrix
   rows: 3
   cols: 3
   dt: d
   data: [ 3.1110373788015534e-09, -2.9392715258119284e-06,
       1.4308633876521503e-03, 5.6428436531426940e-06,
       3.2686604170184467e-07, 4.4135344286686133e-02,
       -2.6847810223753410e-03, -4.6130221193180901e-02, 1. ]
R1: !!opencv-matrix
   rows: 3
   cols: 3
   dt: d
   data: [ 9.9733800742235834e-01, -9.7705880952609269e-04,
       -7.2910522607388756e-02, 8.2460573606387127e-04,
       9.9999741061845604e-01, -2.1210331829027737e-03,
       7.2912406188383821e-02, 2.0552645731514879e-03,
       9.9733623062202781e-01 ]
R2: !!opencv-matrix
   rows: 3
   cols: 3
   dt: d
   data: [ 9.9927808864285161e-01, -9.0081025318346404e-04,
       -3.7980127687739035e-02, 9.8212623769569651e-04,
       9.9999726539611700e-01, 2.1224109736820767e-03,
       3.7978111937567831e-02, -2.1581800610088009e-03,
       9.9927624072249510e-01 ]
P1: !!opencv-matrix
   rows: 3
   cols: 4
   dt: d
   data: [ 6.1468600261434290e+02, 0., 5.9883579748868942e+02, 0., 0.,
       6.1468600261434290e+02, 4.6898198657482862e+02, 0., 0., 0., 1.,
       0. ]
P2: !!opencv-matrix
   rows: 3
   cols: 4
   dt: d
   data: [ 6.1468600261434290e+02, 0., 5.9883579748868942e+02,
       -2.8370042445391573e+02, 0., 6.1468600261434290e+02,
       4.6898198657482862e+02, 0., 0., 0., 1., 0. ]
Q: !!opencv-matrix
   rows: 4
   cols: 4
   dt: d
   data: [ 1., 0., 0., -5.9883579748868942e+02, 0., 1., 0.,
       -4.6898198657482862e+02, 0., 0., 0., 6.1468600261434290e+02, 0.,
       0., 2.1666728338441117e+00, 0. ]
