%YAML:1.0
---
K: !!opencv-matrix
   rows: 3
   cols: 3
   dt: d
   data: [ 6.1639576284148598e+02, 0., 5.7714131391766000e+02, 0.,
       6.1497367040478218e+02, 4.6982223796487381e+02, 0., 0., 1. ]
D: !!opencv-matrix
   rows: 1
   cols: 5
   dt: d
   data: [ -1.6371419557835060e-01, 2.2785769261776578e-01,
       -2.5509138033653965e-03, -7.6950223751738383e-03,
       -2.0810005287614924e-01 ]
board_width: 17
board_height: 12
square_size: 1.0000000149011612e-01
