%YAML:1.0
---
K: !!opencv-matrix
   rows: 3
   cols: 3
   dt: d
   data: [ 6.1588059884958955e+02, 0., 5.7539856086768782e+02, 0.,
       6.1439833482390372e+02, 4.7026754147026816e+02, 0., 0., 1. ]
D: !!opencv-matrix
   rows: 1
   cols: 5
   dt: d
   data: [ -1.5047309529890338e-01, 1.0969223332834348e-01,
       -4.0041881305741597e-03, -6.1493897732800102e-03,
       -5.4169858283629808e-02 ]
board_width: 17
board_height: 12
square_size: 1.0000000149011612e-01
