%YAML:1.0
---
K1: !!opencv-matrix
   rows: 3
   cols: 3
   dt: d
   data: [ 6.1588059884958955e+02, 0., 5.7539856086768782e+02, 0.,
       6.1439833482390372e+02, 4.7026754147026816e+02, 0., 0., 1. ]
K2: !!opencv-matrix
   rows: 3
   cols: 3
   dt: d
   data: [ 1.2184970264043848e+03, 0., 5.2964132684215224e+02, 0.,
       1.2163715650073048e+03, 4.6020280427044474e+02, 0., 0., 1. ]
D1: !!opencv-matrix
   rows: 1
   cols: 5
   dt: d
   data: [ -1.5047309529890338e-01, 1.0969223332834348e-01,
       -4.0041881305741597e-03, -6.1493897732800102e-03,
       -5.4169858283629808e-02 ]
D2: !!opencv-matrix
   rows: 1
   cols: 5
   dt: d
   data: [ -1.3448790256393084e-01, 1.8242790297669642e-01,
       -2.5936992670579457e-03, -1.0566832641485448e-02,
       4.7199476915187256e-02 ]
R: !!opencv-matrix
   rows: 3
   cols: 3
   dt: d
   data: [ 9.9995508817622947e-01, 6.5858519285536266e-03,
       -6.8152905179721555e-03, -6.6037092453685858e-03,
       9.9997481257829990e-01, -2.6010061892667814e-03,
       6.7979890167481271e-03, 2.6458955703385417e-03,
       9.9997339293701160e-01 ]
T: [ -9.0363917213552492e-01, 6.6481831081848745e-03,
    6.0761690435426327e-02 ]
E: !!opencv-matrix
   rows: 3
   cols: 3
   dt: d
   data: [ 4.4644681264342003e-04, -6.0742569606869370e-02,
       6.8060477524510129e-03, 6.6901890684374160e-02,
       2.7911023788741033e-03, 9.0320102037847261e-01,
       -6.8051417064814504e-04, -9.0366019574417600e-01,
       2.3956803788873658e-03 ]
F: !!opencv-matrix
   rows: 3
   cols: 3
   dt: d
   data: [ 1.6783657898053073e-09, -2.2890566743268662e-07,
       1.2243944147075398e-04, 2.5194949828677757e-07,
       1.0536524148219179e-08, 1.9449386776092654e-03,
       -1.1995409709396149e-04, -4.0330846958812677e-03, 1. ]
R1: !!opencv-matrix
   rows: 3
   cols: 3
   dt: d
   data: [ 9.9726767659893722e-01, -9.4683346494635714e-04,
       -7.3866668513932518e-02, 8.5163631191545897e-04,
       9.9999876581876046e-01, -1.3202562434862634e-03,
       7.3867827411869647e-02, 1.2537413393100797e-03,
       9.9726725214763967e-01 ]
R2: !!opencv-matrix
   rows: 3
   cols: 3
   dt: d
   data: [ 9.9772007458930956e-01, -7.3403477307276291e-03,
       -6.7087793649027450e-02, 7.4464397936482790e-03,
       9.9997138846422018e-01, 1.3314606037719151e-03,
       6.7076100780397621e-02, -1.8279901892042441e-03,
       9.9774618774313828e-01 ]
P1: !!opencv-matrix
   rows: 3
   cols: 4
   dt: d
   data: [ 9.1538494991560424e+02, 0., 5.9772410583496094e+02, 0., 0.,
       9.1538494991560424e+02, 4.5853446197509766e+02, 0., 0., 0., 1.,
       0. ]
P2: !!opencv-matrix
   rows: 3
   cols: 4
   dt: d
   data: [ 9.1538494991560424e+02, 0., 5.9772410583496094e+02,
       -8.2906791132527405e+02, 0., 9.1538494991560424e+02,
       4.5853446197509766e+02, 0., 0., 0., 1., 0. ]
Q: !!opencv-matrix
   rows: 4
   cols: 4
   dt: d
   data: [ 1., 0., 0., -5.9772410583496094e+02, 0., 1., 0.,
       -4.5853446197509766e+02, 0., 0., 0., 9.1538494991560424e+02, 0.,
       0., 1.1041133511636596e+00, 0. ]
