%YAML:1.0

#--------------------------------------------------------------------------------------------
# Camera Parameters. Adjust them!
#--------------------------------------------------------------------------------------------

# ===> NOTICE: Add camera model here <===
Camera.type: "PinHole"

# Focus type combination "01"/"02"/"12"
Camera.combine: "02"

# Camera calibration and distortion parameters (OpenCV) 
Camera.fx: 1.5993386917236389e+03
Camera.fy: 1.5993386917236389e+03
Camera.cx: 5.3420684726363834e+02
Camera.cy: 4.3248680004770978e+02

Camera.k1: -1.1094080097170179e-01
Camera.k2: 1.5948619050594529e-01
Camera.p1: -4.8616897835728591e-03
Camera.p2: -1.3424886656017085e-02

# Right camera
rightCamera.fx: 2.4761232369020149e+03
rightCamera.cx: 4.7306358019104096e+02
rightCamera.cy: 4.3207867097060779e+02

Camera.bFishEye: 0

Camera.width: 1218
Camera.height: 962

# Camera frames per second 
Camera.fps: 10
# stereo baseline times fx 1.431982783678
Camera.bf: 1.401982783678e+03
# Color order of the images (0: BGR, 1: RGB. It is ignored if images are grayscale)
Camera.RGB: 1

# Close/Far threshold. Baseline times.
ThDepth: 40

# ============================================================

# ===> NOTICE: Add camera parameters here <===
LEFT.height: 962
LEFT.width: 1218
LEFT.D: !!opencv-matrix
   rows: 1
   cols: 5
   dt: d
   data: [ -1.1094080097170179e-01, 1.5948619050594529e-01,
       -4.8616897835728591e-03, -1.3424886656017085e-02,
       -7.1678662318567385e-02 ]
LEFT.K: !!opencv-matrix
   rows: 3
   cols: 3
   dt: d
   data: [ 1.5993386917236389e+03, 0., 5.3420684726363834e+02, 0.,
       1.5899848208692895e+03, 4.3248680004770978e+02, 0., 0., 1. ]
LEFT.R:  !!opencv-matrix
   rows: 3
   cols: 3
   dt: d
   data: [ 9.9278321126307156e-01, 3.8158255412986666e-04,
       -1.1992226577636605e-01, -1.1846963462768846e-03,
       9.9997734783184200e-01, -6.6257314888664180e-03,
       1.1991702101349128e-01, 6.7199864545861732e-03,
       9.9276117463028335e-01 ]
LEFT.P:  !!opencv-matrix
   rows: 3
   cols: 4
   dt: d
   data: [ 1.5899848208692895e+03, 0., 7.3881330108642578e+02, 0., 0.,
       1.5899848208692895e+03, 4.2611358642578125e+02, 0., 0., 0., 1.,
       0. ]

RIGHT.height: 962
RIGHT.width: 1218
RIGHT.D: !!opencv-matrix
   rows: 1
   cols: 5
   dt: d
   data: [ -3.1576241304473868e-01, 3.6604431733952764e-01,
       1.7799572028356718e-03, -4.0253748403733022e-03,
       -1.2529207031090750e-01 ]
RIGHT.K: !!opencv-matrix
   rows: 3
   cols: 3
   dt: d
   data: [ 2.4761232369020149e+03, 0., 4.7306358019104096e+02, 0.,
       2.4702841070535223e+03, 4.3207867097060779e+02, 0., 0., 1. ]
RIGHT.R:  !!opencv-matrix
   rows: 3
   cols: 3
   dt: d
   data: [ 9.9514634700509297e-01, -4.3009196857351391e-03,
       -9.8312004009050769e-02, 4.9796232126937704e-03,
       9.9996542836550495e-01, 6.6592361763062090e-03,
       9.8279964362419037e-02, -7.1164712919451877e-03,
       9.9513336012881826e-01 ]
RIGHT.P:  !!opencv-matrix
   rows: 3
   cols: 4
   dt: d
   data: [ 1.5899848208692895e+03, 0., 7.3881330108642578e+02,
       -1.431982783678e+03, 0., 1.5899848208692895e+03,
       4.2611358642578125e+02, 0., 0., 0., 1., 0. ]

#--------------------------------------------------------------------------------------------
# ORB Parameters
#--------------------------------------------------------------------------------------------

# ORB Extractor: Number of features per image
ORBextractor.nFeatures: 2000

# ORB Extractor: Scale factor between levels in the scale pyramid 	
ORBextractor.scaleFactor: 1.14

# ORB Extractor: Number of levels in the scale pyramid	
ORBextractor.nLevels: 10

# ORB Extractor: Fast threshold
# Image is divided in a grid. At each cell FAST are extracted imposing a minimum response.
# Firstly we impose iniThFAST. If no corners are detected we impose a lower value minThFAST
# You can lower these values if your images have low contrast			
ORBextractor.iniThFAST: 20
ORBextractor.minThFAST: 7

#--------------------------------------------------------------------------------------------
# Viewer Parameters
#--------------------------------------------------------------------------------------------
Viewer.KeyFrameSize: 0.6
Viewer.KeyFrameLineWidth: 2
Viewer.GraphLineWidth: 1
Viewer.PointSize: 2
Viewer.CameraSize: 0.7
Viewer.CameraLineWidth: 3
Viewer.ViewpointX: 0
Viewer.ViewpointY: -100
Viewer.ViewpointZ: -0.1
Viewer.ViewpointF: 2000

