%YAML:1.0
---
K1: !!opencv-matrix
   rows: 3
   cols: 3
   dt: d
   data: [ 1.6166172086395450e+03, 0., 5.1105455442043757e+02, 0.,
       1.6106598942521957e+03, 4.4396122687499292e+02, 0., 0., 1. ]
K2: !!opencv-matrix
   rows: 3
   cols: 3
   dt: d
   data: [ 2.4761232369020149e+03, 0., 4.7306358019104096e+02, 0.,
       2.4702841070535223e+03, 4.3207867097060779e+02, 0., 0., 1. ]
D1: !!opencv-matrix
   rows: 1
   cols: 5
   dt: d
   data: [ -1.7135003526035389e-01, -6.8338942981352579e-01,
       -2.7570413127559028e-03, -9.3895026890480852e-03,
       5.6935651371287470e+00 ]
D2: !!opencv-matrix
   rows: 1
   cols: 5
   dt: d
   data: [ -3.1576241304473868e-01, 3.6604431733952764e-01,
       1.7799572028356718e-03, -4.0253748403733022e-03,
       -1.2529207031090750e-01 ]
R: !!opencv-matrix
   rows: 3
   cols: 3
   dt: d
   data: [ 9.9983977327587681e-01, 7.2681751462917278e-03,
       1.6358527002334807e-02, -7.1274216459979002e-03,
       9.9993721951534809e-01, -8.6462066014365794e-03,
       -1.6420342150011685e-02, 8.5282271286236336e-03,
       9.9982880619920078e-01 ]
T: [ -4.5329007245316977e-01, 4.2971850407447212e-03,
    2.3824634473806561e-02 ]
E: !!opencv-matrix
   rows: 3
   cols: 3
   dt: d
   data: [ 9.9246966805656452e-05, -2.3786491381666445e-02,
       4.5024421011690980e-03, 1.6377639047786757e-02,
       4.0389223091829010e-03, 4.5360220792916250e-01,
       -1.0657070425440130e-03, -4.5329284737624542e-01,
       3.8489439992872099e-03 ]
F: !!opencv-matrix
   rows: 3
   cols: 3
   dt: d
   data: [ 5.0822098392304111e-10, -1.2225569220654591e-07,
       9.1289743901505540e-05, 8.4064376612457659e-08,
       2.0807962355895753e-08, 3.7117437691333690e-03,
       -5.0075647840963476e-05, -5.7200136387661948e-03, 1. ]
R1: !!opencv-matrix
   rows: 3
   cols: 3
   dt: d
   data: [ 9.9934615308290109e-01, -2.6556723688440473e-03,
       -3.6058476433094060e-02, 2.5037160504431527e-03,
       9.9998779751613531e-01, -4.2586646695263039e-03,
       3.6069346048208217e-02, 4.1655999685610914e-03,
       9.9934060762712773e-01 ]
R2: !!opencv-matrix
   rows: 3
   cols: 3
   dt: d
   data: [ 9.9857686567022619e-01, -9.4664980107967214e-03,
       -5.2484557382514577e-02, 9.7017358637302535e-03,
       9.9994399405216683e-01, 4.2290755763357809e-03,
       5.2441583399600866e-02, -4.7322483463498616e-03,
       9.9861278088963568e-01 ]
P1: !!opencv-matrix
   rows: 3
   cols: 4
   dt: d
   data: [ 1.5190067714100830e+03, 0., 5.8820405960083008e+02, 0., 0.,
       1.5190067714100830e+03, 4.3668007659912109e+02, 0., 0., 0., 1.,
       0. ]
P2: !!opencv-matrix
   rows: 3
   cols: 4
   dt: d
   data: [ 1.5190067714100830e+03, 0., 5.8820405960083008e+02,
       -6.8953198611024254e+02, 0., 1.5190067714100830e+03,
       4.3668007659912109e+02, 0., 0., 0., 1., 0. ]
Q: !!opencv-matrix
   rows: 4
   cols: 4
   dt: d
   data: [ 1., 0., 0., -5.8820405960083008e+02, 0., 1., 0.,
       -4.3668007659912109e+02, 0., 0., 0., 1.5190067714100830e+03, 0.,
       0., 2.2029533103736596e+00, 0. ]
