%YAML:1.0
---
K1: !!opencv-matrix
   rows: 3
   cols: 3
   dt: d
   data: [ 1.5993386917236389e+03, 0., 5.3420684726363834e+02, 0.,
       1.5899848208692895e+03, 4.3248680004770978e+02, 0., 0., 1. ]
K2: !!opencv-matrix
   rows: 3
   cols: 3
   dt: d
   data: [ 2.4761232369020149e+03, 0., 4.7306358019104096e+02, 0.,
       2.4702841070535223e+03, 4.3207867097060779e+02, 0., 0., 1. ]
D1: !!opencv-matrix
   rows: 1
   cols: 5
   dt: d
   data: [ -1.1094080097170179e-01, 1.5948619050594529e-01,
       -4.8616897835728591e-03, -1.3424886656017085e-02,
       -7.1678662318567385e-02 ]
D2: !!opencv-matrix
   rows: 1
   cols: 5
   dt: d
   data: [ -3.1576241304473868e-01, 3.6604431733952764e-01,
       1.7799572028356718e-03, -4.0253748403733022e-03,
       -1.2529207031090750e-01 ]
R: !!opencv-matrix
   rows: 3
   cols: 3
   dt: d
   data: [ 9.9974412726665884e-01, 6.0196809275283982e-03,
       -2.1804665495194137e-02, -6.3079222838357636e-03,
       9.9989331323386421e-01, -1.3174682791880233e-02,
       2.1723031839217269e-02, 1.3308853885152088e-02,
       9.9967543947822191e-01 ]
T: [ -9.0062644295850847e-01, 3.8924144269546429e-03,
    8.8974240559957410e-02 ]
E: !!opencv-matrix
   rows: 3
   cols: 3
   dt: d
   data: [ 6.4579763724368353e-04, -8.8912944611093891e-02,
       5.0633584989231376e-03, 1.0851581137345705e-01,
       1.2521902273379149e-02, 8.9839408161715595e-01,
       1.7896631447137930e-03, -9.0055378912870077e-01,
       1.1950340494506179e-02 ]
F: !!opencv-matrix
   rows: 3
   cols: 3
   dt: d
   data: [ 1.6216596114867849e-09, -2.2458239442215070e-07,
       1.1659753486039073e-04, 2.7313768372709852e-07,
       3.1703439107943742e-08, 3.4569387570777673e-03,
       -1.0765637985351068e-04, -5.5398454521251297e-03,
       9.9999999999999989e-01 ]
R1: !!opencv-matrix
   rows: 3
   cols: 3
   dt: d
   data: [ 9.9278321126307156e-01, 3.8158255412986666e-04,
       -1.1992226577636605e-01, -1.1846963462768846e-03,
       9.9997734783184200e-01, -6.6257314888664180e-03,
       1.1991702101349128e-01, 6.7199864545861732e-03,
       9.9276117463028335e-01 ]
R2: !!opencv-matrix
   rows: 3
   cols: 3
   dt: d
   data: [ 9.9514634700509297e-01, -4.3009196857351391e-03,
       -9.8312004009050769e-02, 4.9796232126937704e-03,
       9.9996542836550495e-01, 6.6592361763062090e-03,
       9.8279964362419037e-02, -7.1164712919451877e-03,
       9.9513336012881826e-01 ]
P1: !!opencv-matrix
   rows: 3
   cols: 4
   dt: d
   data: [ 1.4555971519657990e+03, 0., 7.3881330108642578e+02, 0., 0.,
       1.4555971519657990e+03, 4.2611358642578125e+02, 0., 0., 0., 1.,
       0. ]
P2: !!opencv-matrix
   rows: 3
   cols: 4
   dt: d
   data: [ 1.4555971519657990e+03, 0., 7.3881330108642578e+02,
       -1.3173432121826231e+03, 0., 1.4555971519657990e+03,
       4.2611358642578125e+02, 0., 0., 0., 1., 0. ]
Q: !!opencv-matrix
   rows: 4
   cols: 4
   dt: d
   data: [ 1., 0., 0., -7.3881330108642578e+02, 0., 1., 0.,
       -4.2611358642578125e+02, 0., 0., 0., 1.4555971519657990e+03, 0.,
       0., 1.1049490660479524e+00, 0. ]
