%YAML:1.0
---
K1: !!opencv-matrix
   rows: 3
   cols: 3
   dt: d
   data: [ 6.1588059884958955e+02, 0., 5.7539856086768782e+02, 0.,
       6.1439833482390372e+02, 4.7026754147026816e+02, 0., 0., 1. ]
K2: !!opencv-matrix
   rows: 3
   cols: 3
   dt: d
   data: [ 1.2184970264043848e+03, 0., 5.2964132684215224e+02, 0.,
       1.2163715650073048e+03, 4.6020280427044474e+02, 0., 0., 1. ]
D1: !!opencv-matrix
   rows: 1
   cols: 5
   dt: d
   data: [ -1.5047309529890338e-01, 1.0969223332834348e-01,
       -4.0041881305741597e-03, -6.1493897732800102e-03,
       -5.4169858283629808e-02 ]
D2: !!opencv-matrix
   rows: 1
   cols: 5
   dt: d
   data: [ -1.3448790256393084e-01, 1.8242790297669642e-01,
       -2.5936992670579457e-03, -1.0566832641485448e-02,
       4.7199476915187256e-02 ]
R: !!opencv-matrix
   rows: 3
   cols: 3
   dt: d
   data: [ 9.9995508814886913e-01, 6.5858469449506171e-03,
       -6.8152993481644039e-03, -6.6037042600344733e-03,
       9.9997481262078691e-01, -2.6010025121567699e-03,
       6.7979978841867898e-03, 2.6458919176579939e-03,
       9.9997339288639409e-01 ]
T: [ -9.0363910771935863e-01, 6.6481600331329506e-03,
    6.0761746033933424e-02 ]
E: !!opencv-matrix
   rows: 3
   cols: 3
   dt: d
   data: [ 4.4644677897039185e-04, -6.0742625291895454e-02,
       6.8060245988609712e-03, 6.6901953853785737e-02,
       2.7910989710817780e-03, 9.0320095500282238e-01,
       -6.8049602677916921e-04, -9.0366013118292454e-01,
       2.3956767900014573e-03 ]
F: !!opencv-matrix
   rows: 3
   cols: 3
   dt: d
   data: [ 1.6783658164225469e-09, -2.2890589817456309e-07,
       1.2243949779605322e-04, 2.5194975917878939e-07,
       1.0536512245475532e-08, 1.9449385726856346e-03,
       -1.1995413434240340e-04, -4.0330846505160370e-03,
       9.9999999999999989e-01 ]
R1: !!opencv-matrix
   rows: 3
   cols: 3
   dt: d
   data: [ 9.9726767108117675e-01, -9.4681340991578232e-04,
       -7.3866743265780341e-02, 8.5161624800694476e-04,
       9.9999876583834757e-01, -1.3202543496372908e-03,
       7.3867902136801139e-02, 1.2537408617451099e-03,
       9.9726724661334365e-01 ]
R2: !!opencv-matrix
   rows: 3
   cols: 3
   dt: d
   data: [ 9.9772007034302201e-01, -7.3403227452713219e-03,
       -6.7087859532932628e-02, 7.4464147458934930e-03,
       9.9997138865325497e-01, 1.3314587161676161e-03,
       6.7076166722222469e-02, -1.8279871104500127e-03,
       9.9774618331566500e-01 ]
P1: !!opencv-matrix
   rows: 3
   cols: 4
   dt: d
   data: [ 6.1760581182930821e+01, 0., 5.9772420120239258e+02, 0., 0.,
       6.1760581182930821e+01, 4.5853445816040039e+02, 0., 0., 0., 1.,
       0. ]
P2: !!opencv-matrix
   rows: 3
   cols: 4
   dt: d
   data: [ 6.1760581182930821e+01, 0., 5.9772420120239258e+02,
       -5.5936808460899329e+01, 0., 6.1760581182930821e+01,
       4.5853445816040039e+02, 0., 0., 0., 1., 0. ]
Q: !!opencv-matrix
   rows: 4
   cols: 4
   dt: d
   data: [ 1., 0., 0., -5.9772420120239258e+02, 0., 1., 0.,
       -4.5853445816040039e+02, 0., 0., 0., 6.1760581182930821e+01, 0.,
       0., 1.1041134251715916e+00, 0. ]
