%YAML:1.0
---
K1: !!opencv-matrix
   rows: 3
   cols: 3
   dt: d
   data: [ 6.1639576284148598e+02, 0., 5.7714131391766000e+02, 0.,
       6.1497367040478218e+02, 4.6982223796487381e+02, 0., 0., 1. ]
K2: !!opencv-matrix
   rows: 3
   cols: 3
   dt: d
   data: [ 1.2184970264043848e+03, 0., 5.2964132684215224e+02, 0.,
       1.2163715650073048e+03, 4.6020280427044474e+02, 0., 0., 1. ]
D1: !!opencv-matrix
   rows: 1
   cols: 5
   dt: d
   data: [ -1.6371419557835060e-01, 2.2785769261776578e-01,
       -2.5509138033653965e-03, -7.6950223751738383e-03,
       -2.0810005287614924e-01 ]
D2: !!opencv-matrix
   rows: 1
   cols: 5
   dt: d
   data: [ -1.3448790256393084e-01, 1.8242790297669642e-01,
       -2.5936992670579457e-03, -1.0566832641485448e-02,
       4.7199476915187256e-02 ]
R: !!opencv-matrix
   rows: 3
   cols: 3
   dt: d
   data: [ 9.9958248528455040e-01, 6.2638538990587005e-03,
       2.8206723430644464e-02, -6.3047632890450966e-03,
       9.9997919773385013e-01, 1.3616385109800292e-03,
       -2.8197607562180333e-02, -1.5389067212543367e-03,
       9.9960118381976348e-01 ]
T: [ -4.4323585500883778e-01, 3.2950510597022646e-03,
    3.0584601913984814e-02 ]
E: !!opencv-matrix
   rows: 3
   cols: 3
   dt: d
   data: [ 9.9916118678518954e-05, -3.0589036461178363e-02,
       3.2520917682158750e-03, 1.8073641695592890e-02,
       -4.9052115842394112e-04, 4.4392177678562339e-01,
       -4.9917818034844567e-04, -4.4324727441704265e-01,
       -6.9646960355806769e-04 ]
F: !!opencv-matrix
   rows: 3
   cols: 3
   dt: d
   data: [ 8.0538930540132968e-10, -2.4713782648270235e-07,
       1.3180421437690695e-04, 1.4593994762112798e-07,
       -3.9699897499641171e-09, 2.1271403025267433e-03,
       -7.2491410525285621e-05, -4.2308689480120886e-03, 1. ]
R1: !!opencv-matrix
   rows: 3
   cols: 3
   dt: d
   data: [ 9.9917162100818990e-01, -1.0613298834125900e-03,
       -4.0681019539151986e-02, 1.0932686633542605e-03,
       9.9999911140073583e-01, 7.6286392516857577e-04,
       4.0680173739747208e-02, -8.0670726857481141e-04,
       9.9917189346372570e-01 ]
R2: !!opencv-matrix
   rows: 3
   cols: 3
   dt: d
   data: [ 9.9760032587081338e-01, -7.4162412038042474e-03,
       -6.8837411259095871e-02, 7.3781784323543615e-03,
       9.9997245509783617e-01, -8.0717323182030525e-04,
       6.8841501330717966e-02, 2.9734157600716776e-04,
       9.9762756541833786e-01 ]
P1: !!opencv-matrix
   rows: 3
   cols: 4
   dt: d
   data: [ 9.4765081648342857e+01, 0., 6.1762468683719635e+02, 0., 0.,
       9.4765081648342857e+01, 4.6733114475384355e+02, 0., 0., 0., 1.,
       0. ]
P2: !!opencv-matrix
   rows: 3
   cols: 4
   dt: d
   data: [ 9.4765081648342857e+01, 0., 6.1762468683719635e+02,
       -4.2104318633537503e+01, 0., 9.4765081648342857e+01,
       4.6733114475384355e+02, 0., 0., 0., 1., 0. ]
Q: !!opencv-matrix
   rows: 4
   cols: 4
   dt: d
   data: [ 1., 0., 0., -6.1762468683719635e+02, 0., 1., 0.,
       -4.6733114475384355e+02, 0., 0., 0., 9.4765081648342857e+01, 0.,
       0., 2.2507211783462822e+00, 0. ]
