%YAML:1.0
---
K1: !!opencv-matrix
   rows: 3
   cols: 3
   dt: d
   data: [ 1.5993386917236389e+03, 0., 5.3420684726363834e+02, 0.,
       1.5899848208692895e+03, 4.3248680004770978e+02, 0., 0., 1. ]
K2: !!opencv-matrix
   rows: 3
   cols: 3
   dt: d
   data: [ 1.6166172086395450e+03, 0., 5.1105455442043757e+02, 0.,
       1.6106598942521957e+03, 4.4396122687499292e+02, 0., 0., 1. ]
D1: !!opencv-matrix
   rows: 1
   cols: 5
   dt: d
   data: [ -1.1094080097170179e-01, 1.5948619050594529e-01,
       -4.8616897835728591e-03, -1.3424886656017085e-02,
       -7.1678662318567385e-02 ]
D2: !!opencv-matrix
   rows: 1
   cols: 5
   dt: d
   data: [ -1.7135003526035389e-01, -6.8338942981352579e-01,
       -2.7570413127559028e-03, -9.3895026890480852e-03,
       5.6935651371287470e+00 ]
R: !!opencv-matrix
   rows: 3
   cols: 3
   dt: d
   data: [ 9.9927235237619183e-01, -1.3597087271336715e-03,
       -3.8117147961637898e-02, 1.1792571147839811e-03,
       9.9998799381117376e-01, -4.7562155292904867e-03,
       3.8123157387725259e-02, 4.7078047624332471e-03,
       9.9926195836983089e-01 ]
T: [ -4.4827702116128720e-01, -3.5082237771618717e-03,
    5.7960439990756875e-02 ]
E: !!opencv-matrix
   rows: 3
   cols: 3
   dt: d
   data: [ -2.0209482844321205e-04, -5.7976260139375693e-02,
       -3.2299622171978299e-03, 7.5008000645355122e-02,
       2.0315913790285578e-03, 4.4573688739077266e-01,
       2.9770371598680152e-03, -4.4827640922521123e-01,
       1.9983786446747791e-03 ]
F: !!opencv-matrix
   rows: 3
   cols: 3
   dt: d
   data: [ -2.4827651177050854e-08, -7.1643714994029527e-06,
       2.4771325328702435e-03, 9.2489275383205014e-06,
       2.5198089519771303e-07, 8.2853001104779167e-02,
       -3.5022259334358745e-03, -8.6003658969057067e-02,
       9.9999999999999989e-01 ]
R1: !!opencv-matrix
   rows: 3
   cols: 3
   dt: d
   data: [ 9.8611396187438460e-01, 5.8089833590649525e-03,
       -1.6596840033192733e-01, -6.2678686557678344e-03,
       9.9997784504541831e-01, -2.2412587613129462e-03,
       1.6595170387470815e-01, 3.2504046909924010e-03,
       9.8612852450906530e-01 ]
R2: !!opencv-matrix
   rows: 3
   cols: 3
   dt: d
   data: [ 9.9171476194026154e-01, 7.7611770038720591e-03,
       -1.2822478341290050e-01, -7.5375560670572824e-03,
       9.9996910760360747e-01, 2.2291448989395536e-03,
       1.2823812303019194e-01, -1.2441744086211736e-03,
       9.9174262580154060e-01 ]
P1: !!opencv-matrix
   rows: 3
   cols: 4
   dt: d
   data: [ 1.6003223575607426e+03, 0., 7.8914894104003906e+02, 0., 0.,
       1.6003223575607426e+03, 4.3631155014038086e+02, 0., 0., 0., 1.,
       0. ]
P2: !!opencv-matrix
   rows: 3
   cols: 4
   dt: d
   data: [ 1.6003223575607426e+03, 0., 7.8914894104003906e+02,
       -7.2338112416678121e+02, 0., 1.6003223575607426e+03,
       4.3631155014038086e+02, 0., 0., 0., 1., 0. ]
Q: !!opencv-matrix
   rows: 4
   cols: 4
   dt: d
   data: [ 1., 0., 0., -7.8914894104003906e+02, 0., 1., 0.,
       -4.3631155014038086e+02, 0., 0., 0., 1.6003223575607426e+03, 0.,
       0., 2.2122810564127682e+00, 0. ]
