%YAML:1.0
---
K: !!opencv-matrix
   rows: 3
   cols: 3
   dt: d
   data: [ 1.6166172086395450e+03, 0., 5.1105455442043757e+02, 0.,
       1.6106598942521957e+03, 4.4396122687499292e+02, 0., 0., 1. ]
D: !!opencv-matrix
   rows: 1
   cols: 5
   dt: d
   data: [ -1.7135003526035389e-01, -6.8338942981352579e-01,
       -2.7570413127559028e-03, -9.3895026890480852e-03,
       5.6935651371287470e+00 ]
board_width: 17
board_height: 12
square_size: 1.0000000149011612e-01
