%YAML:1.0
---
K: !!opencv-matrix
   rows: 3
   cols: 3
   dt: d
   data: [ 2.4761232369020149e+03, 0., 4.7306358019104096e+02, 0.,
       2.4702841070535223e+03, 4.3207867097060779e+02, 0., 0., 1. ]
D: !!opencv-matrix
   rows: 1
   cols: 5
   dt: d
   data: [ -3.1576241304473868e-01, 3.6604431733952764e-01,
       1.7799572028356718e-03, -4.0253748403733022e-03,
       -1.2529207031090750e-01 ]
board_width: 17
board_height: 12
square_size: 1.0000000149011612e-01
