%YAML:1.0
---
K1: !!opencv-matrix
   rows: 3
   cols: 3
   dt: d
   data: [ 1.5993386917236389e+03, 0., 5.3420684726363834e+02, 0.,
       1.5899848208692895e+03, 4.3248680004770978e+02, 0., 0., 1. ]
K2: !!opencv-matrix
   rows: 3
   cols: 3
   dt: d
   data: [ 2.4761232369020149e+03, 0., 4.7306358019104096e+02, 0.,
       2.4702841070535223e+03, 4.3207867097060779e+02, 0., 0., 1. ]
D1: !!opencv-matrix
   rows: 1
   cols: 5
   dt: d
   data: [ -1.1094080097170179e-01, 1.5948619050594529e-01,
       -4.8616897835728591e-03, -1.3424886656017085e-02,
       -7.1678662318567385e-02 ]
D2: !!opencv-matrix
   rows: 1
   cols: 5
   dt: d
   data: [ -3.1576241304473868e-01, 3.6604431733952764e-01,
       1.7799572028356718e-03, -4.0253748403733022e-03,
       -1.2529207031090750e-01 ]
R: !!opencv-matrix
   rows: 3
   cols: 3
   dt: d
   data: [ 9.9974412788770772e-01, 6.0197002454031616e-03,
       -2.1804631686917809e-02, -6.3079412772548337e-03,
       9.9989331303956730e-01, -1.3174688444156386e-02,
       2.1722997741779371e-02, 1.3308859745048644e-02,
       9.9967544014114762e-01 ]
T: [ -9.0062670088582442e-01, 3.8924868187785390e-03,
    8.8974291730464256e-02 ]
E: !!opencv-matrix
   rows: 3
   cols: 3
   dt: d
   data: [ 6.4580108979534108e-04, -8.8912994772592305e-02,
       5.0634320468943977e-03, 1.0851583748002844e-01,
       1.2521913010499762e-02, 8.9839434195011914e-01,
       1.7896095019613863e-03, -9.0055404736448053e-01,
       1.1950350430088810e-02 ]
F: !!opencv-matrix
   rows: 3
   cols: 3
   dt: d
   data: [ 1.6216676658155017e-09, -2.2458243590336152e-07,
       1.1659783615683185e-04, 2.7313764579324472e-07,
       3.1703454262399149e-08, 3.4569384464389419e-03,
       -1.0765670503466794e-04, -5.5398449168816014e-03, 1. ]
R1: !!opencv-matrix
   rows: 3
   cols: 3
   dt: d
   data: [ 9.9278321208837172e-01, 3.8152207487773663e-04,
       -1.1992225913649912e-01, -1.1846358160570532e-03,
       9.9997734787982384e-01, -6.6257350699320513e-03,
       1.1991701477888189e-01, 6.7199827484892925e-03,
       9.9276117540845721e-01 ]
R2: !!opencv-matrix
   rows: 3
   cols: 3
   dt: d
   data: [ 9.9514634389090761e-01, -4.3009984298057156e-03,
       -9.8312032086953827e-02, 4.9797028984935590e-03,
       9.9996542794449950e-01, 6.6592398077023164e-03,
       9.8279991857967541e-02, -7.1164828588679389e-03,
       9.9513335733062303e-01 ]
P1: !!opencv-matrix
   rows: 3
   cols: 4
   dt: d
   data: [ 2.0301344639614058e+03, 0., 7.3881333923339844e+02, 0., 0.,
       2.0301344639614058e+03, 4.2611358261108398e+02, 0., 0., 0., 1.,
       0. ]
P2: !!opencv-matrix
   rows: 3
   cols: 4
   dt: d
   data: [ 2.0301344639614058e+03, 0., 7.3881333923339844e+02,
       -1.8373109802959887e+03, 0., 2.0301344639614058e+03,
       4.2611358261108398e+02, 0., 0., 0., 1., 0. ]
Q: !!opencv-matrix
   rows: 4
   cols: 4
   dt: d
   data: [ 1., 0., 0., -7.3881333923339844e+02, 0., 1., 0.,
       -4.2611358261108398e+02, 0., 0., 0., 2.0301344639614058e+03, 0.,
       0., 1.1049487461476737e+00, 0. ]
