%YAML:1.0
---
K1: !!opencv-matrix
   rows: 3
   cols: 3
   dt: d
   data: [ 1.6166172086395450e+03, 0., 5.1105455442043757e+02, 0.,
       1.6106598942521957e+03, 4.4396122687499292e+02, 0., 0., 1. ]
K2: !!opencv-matrix
   rows: 3
   cols: 3
   dt: d
   data: [ 2.4761232369020149e+03, 0., 4.7306358019104096e+02, 0.,
       2.4702841070535223e+03, 4.3207867097060779e+02, 0., 0., 1. ]
D1: !!opencv-matrix
   rows: 1
   cols: 5
   dt: d
   data: [ -1.7135003526035389e-01, -6.8338942981352579e-01,
       -2.7570413127559028e-03, -9.3895026890480852e-03,
       5.6935651371287470e+00 ]
D2: !!opencv-matrix
   rows: 1
   cols: 5
   dt: d
   data: [ -3.1576241304473868e-01, 3.6604431733952764e-01,
       1.7799572028356718e-03, -4.0253748403733022e-03,
       -1.2529207031090750e-01 ]
R: !!opencv-matrix
   rows: 3
   cols: 3
   dt: d
   data: [ 9.9984974514383529e-01, 7.0998143292277105e-03,
       1.5813910721204819e-02, -6.9743097911496368e-03,
       9.9994385848213319e-01, -7.9773984983011522e-03,
       -1.5869660952421705e-02, 7.8659087430579828e-03,
       9.9984312836609579e-01 ]
T: [ -4.4898083689308993e-01, -9.5849012387722911e-04,
    2.3843663837244140e-02 ]
E: !!opencv-matrix
   rows: 3
   cols: 3
   dt: d
   data: [ 1.8150401144914862e-04, -2.3849864613610352e-02,
       -7.6812935587618658e-04, 1.6714907555335948e-02,
       3.7009278765558007e-03, 4.4928746610680342e-01,
       4.0896775528635656e-03, -4.4894882532549774e-01,
       3.5968565312430810e-03 ]
F: !!opencv-matrix
   rows: 3
   cols: 3
   dt: d
   data: [ 9.5515946094269464e-10, -1.2597342134243875e-07,
       4.8904392440990530e-05, 8.8169623109017531e-08,
       1.9594265108744775e-08, 3.7775444741301348e-03,
       1.4742580358098356e-05, -5.8205490800024677e-03, 1. ]
R1: !!opencv-matrix
   rows: 3
   cols: 3
   dt: d
   data: [ 9.9926725118434045e-01, 8.8043523775605242e-03,
       -3.7248410566144120e-02, -8.9601603427882925e-03,
       9.9995178413536401e-01, -4.0180755510403950e-03,
       3.7211238048791340e-02, 4.3488830421257799e-03,
       9.9929795905883956e-01 ]
R2: !!opencv-matrix
   rows: 3
   cols: 3
   dt: d
   data: [ 9.9859057265521334e-01, 2.1318041284573812e-03,
       -5.3031345591931386e-02, -1.9228835176776232e-03,
       9.9999019004828482e-01, 3.9902789592240317e-03,
       5.3039331850150716e-02, -3.8826818505866036e-03,
       9.9858487574093413e-01 ]
P1: !!opencv-matrix
   rows: 3
   cols: 4
   dt: d
   data: [ 2.0404720006528592e+03, 0., 5.8967742919921875e+02, 0., 0.,
       2.0404720006528592e+03, 4.3801414108276367e+02, 0., 0., 0., 1.,
       0. ]
P2: !!opencv-matrix
   rows: 3
   cols: 4
   dt: d
   data: [ 2.0404720006528592e+03, 0., 5.8967742919921875e+02,
       -9.1742587162031452e+02, 0., 2.0404720006528592e+03,
       4.3801414108276367e+02, 0., 0., 0., 1., 0. ]
Q: !!opencv-matrix
   rows: 4
   cols: 4
   dt: d
   data: [ 1., 0., 0., -5.8967742919921875e+02, 0., 1., 0.,
       -4.3801414108276367e+02, 0., 0., 0., 2.0404720006528592e+03, 0.,
       0., 2.2241273805033130e+00, 0. ]
